50 100 1
1 1 1 1 1 1 1 1 1 1 1 1 1 1 1 1 1 1 1 1 1 1 1 1 1 1 1 1 1 1 1 1 1 1 1 1 1 1 1 1 1 1 1 1 1 1 1 1 1 1
-18.988 -29.119 -17.453 -23.933 -28.41 -25.576 -16.505 -6.8955 -34.245 -38.361 -32.887 -29.703 -27.616 -16.003 -17.538 -24.951 -10.111 -32.137 -22.906 -27.559 -22.418 -34.513 -29.209 -24.357 -28.375 -31.028 -22.138 -39.312 -17.916 -23.043 -31.47 -28.683 -27.602 -22.53 -21.143 -34.806 -18.334 -30.715 -17.947 -25.328 -23.053 -25.972 -28.796 -17.2 -29.173 -28.148 -10.252 -19.311 -19.301 -34.678
-15.326 -25.286 -13.834 -14.925 -20.611 -17.174 -8.0495 -9.0878 -25.279 -29.457 -23.699 -20.544 -23.23 -8.3297 -8.4891 -17.474 -4.2695 -23.009 -13.96 -18.454 -13.428 -25.373 -20.177 -16.893 -19.362 -21.893 -16.782 -30.68 -10.999 -18.638 -24.992 -19.715 -18.805 -14.366 -14.179 -26.39 -13.769 -23.832 -8.8741 -16.798 -13.896 -21.456 -19.801 -9.2139 -20.799 -21.921 -1.0628 -17.093 -11.207 -26.028
-6.1121 -14.536 -5.3996 -10.51 -24.706 -9.2729 -5.2767 -12.276 -18.957 -22.547 -20.644 -18.776 -12.284 -15.852 -7.9185 -22.767 -15.071 -18.238 -9.4154 -14.074 -15.072 -20.509 -14.852 -6.8263 -14.013 -20.264 -5.6811 -22.636 -0.98227 -7.9618 -13.986 -13.996 -20.107 -6.2119 -3.4925 -17.848 -4.0257 -13.07 -12.014 -19.595 -11.447 -10.521 -19.797 -15.818 -12.427 -10.784 -10.69 -9.0144 -4.142 -18.228
-18.728 -28.941 -17.166 -19.456 -22.742 -21.838 -12.709 -9.2821 -29.8 -34.003 -27.777 -24.472 -27.045 -10.333 -13.04 -19.299 -4.4379 -27.379 -18.531 -22.877 -17.01 -29.715 -24.666 -21.464 -23.869 -25.74 -20.813 -35.311 -15.377 -22.39 -29.412 -24.25 -22.052 -19.02 -18.622 -31.05 -17.456 -28.331 -12.676 -19.708 -18.256 -25.29 -23.353 -11.544 -25.463 -26.261 -5.6258 -19.988 -15.842 -30.66
-4.8757 -5.4166 -6.4448 -17.763 -33.595 -14.212 -14.713 -17.099 -22.732 -25.142 -26.767 -25.878 -3.8371 -25.329 -17.209 -31.97 -24.056 -23.498 -16.937 -20.428 -23.894 -25.341 -20.342 -10.119 -19.682 -27.264 -4.3561 -23.831 -10.234 -1.6253 -10.307 -19.373 -28.397 -12.576 -8.8509 -19.172 -6.1528 -10.831 -21.362 -28.377 -19.443 -2.4728 -27.614 -25.291 -15.494 -7.4809 -19.608 -5.3242 -12.67 -20.488
-24.91 -27.753 -24.806 -9.4707 -15.697 -11.296 -17.175 -30.224 -5.3993 -8.5822 -1.7063 -4.4478 -25.442 -19.428 -15.365 -17.096 -24.189 -2.1526 -10.621 -5.6956 -11.623 -2.5464 -5.1175 -15.35 -5.8543 -4.3836 -21.46 -11.763 -18.821 -23.976 -19.728 -6.0818 -9.7393 -13.719 -17.572 -11.022 -23.086 -17.845 -15.236 -12.291 -9.747 -24.476 -7.4408 -18.184 -10.473 -19.701 -22.516 -27.906 -15.797 -9.0116
-18.082 -24.294 -17.455 -3.4885 -13.41 -8.1939 -7.9045 -20.622 -12.526 -16.766 -10.256 -7.3762 -21.817 -10.305 -5.5392 -12.465 -14.289 -9.7111 -3.6951 -5.4243 -4.0308 -12.01 -7.4173 -11.246 -6.7759 -8.8407 -15.982 -18.747 -11.077 -18.715 -19.063 -7.3267 -8.1115 -7.9894 -11.487 -15.402 -16.017 -17.254 -5.4021 -8.1779 -1.1752 -20.338 -7.778 -9.2784 -10.798 -17.331 -12.424 -21.05 -7.9823 -14.319
-20.226 -22.956 -20.222 -5.9127 -17.927 -6.5096 -13.581 -26.512 -4.5092 -8.7507 -6.2915 -6.7674 -20.621 -18.327 -12.337 -18.414 -22.206 -2.9636 -6.9599 -2.6549 -11.097 -5.1687 -0.65316 -10.521 -1.4732 -7.6959 -16.652 -10.752 -14.484 -19.139 -15.238 -1.3453 -11.615 -9.1729 -12.904 -8.0733 -18.471 -13.323 -13.443 -13.468 -7.2153 -19.629 -9.6735 -17.24 -5.797 -14.939 -19.778 -23.197 -11.643 -6.5561
-14.887 -22.53 -14 -5.7533 -15.928 -9.0362 -3.803 -16.137 -16.077 -20.289 -14.708 -11.86 -20.103 -8.5233 -1.0891 -14.031 -10.846 -13.752 -4.9247 -9.1904 -6.3904 -16.124 -10.941 -10.528 -10.144 -13.313 -13.712 -21.769 -7.8757 -16.346 -19.003 -10.537 -11.741 -7.1768 -9.4304 -17.803 -12.804 -17.411 -3.5819 -10.875 -4.6768 -18.455 -11.931 -7.9894 -12.462 -16.614 -8.2102 -17.709 -5.3599 -17.15
-23.201 -20.907 -23.91 -15.301 -28.227 -12.289 -21.452 -32.972 -7.4331 -5.8393 -14.476 -16.731 -19.277 -28.577 -21.27 -29.034 -31.68 -11.059 -15.942 -13.228 -21.724 -10.663 -11.229 -13.918 -11.662 -17.119 -18.83 -2.8648 -20.208 -20.304 -11.616 -11.053 -21.986 -15.289 -17.286 -3.0577 -22.183 -10.471 -23.462 -24.077 -17.279 -19.197 -19.834 -27.593 -8.6643 -13.738 -28.487 -25.625 -18.518 -4.1402
-4.2694 -9.5904 -5.0416 -12.988 -28.683 -9.871 -10.019 -15.395 -19.081 -22.018 -22.375 -21.218 -7.286 -20.729 -12.393 -27.086 -20.056 -19.333 -12.107 -15.891 -18.982 -21.349 -16.046 -5.9324 -15.318 -22.638 -0.67131 -21.309 -5.5838 -3.2876 -9.9973 -15.089 -23.525 -7.8168 -3.9697 -16.466 -3.4797 -9.6047 -16.551 -23.466 -14.575 -5.5352 -22.813 -20.599 -11.875 -6.6378 -15.646 -6.9781 -7.7734 -17.401
-21.773 -29.432 -20.786 -9.7419 -9.2633 -14.349 -10.523 -20.689 -18.034 -22.165 -13.782 -10.226 -26.984 -5.2576 -7.8026 -7.0515 -10.806 -14.701 -9.706 -11.187 -2.758 -16.689 -13.217 -16.911 -12.727 -11.237 -20.675 -24.545 -14.832 -23.324 -25.098 -13.336 -7.0059 -13.506 -16.321 -21.549 -19.704 -23.347 -3.8645 -4.8497 -7.4477 -25.37 -8.4605 -3.95 -17.084 -23.079 -11.032 -24.512 -12.296 -20.306
-22.256 -22.348 -22.64 -11.063 -23.039 -9.3249 -18.103 -30.501 -2.3918 -4.031 -9.4292 -11.543 -20.315 -24.005 -17.397 -23.897 -27.605 -5.8841 -11.909 -8.375 -16.83 -5.8301 -6.3389 -12.272 -6.926 -11.965 -18.111 -5.0456 -17.844 -20.143 -13.412 -6.394 -16.804 -12.488 -15.424 -3.4149 -20.85 -11.732 -19.024 -18.942 -12.764 -19.779 -14.646 -22.944 -6.2257 -14.408 -24.816 -25.01 -15.549 -1.3229
-10.575 -20.79 -9.0231 -18.164 -27.61 -18.528 -10.415 -2.672 -27.928 -31.793 -28.113 -25.449 -19.196 -15.69 -12.539 -24.678 -11.423 -26.508 -17.026 -21.972 -19.343 -28.888 -23.261 -16.55 -22.395 -26.913 -13.72 -32.201 -10.175 -14.599 -23.147 -22.552 -24.892 -15.364 -13.212 -27.476 -9.8861 -22.512 -14.886 -23.317 -18.035 -17.533 -25.428 -16.43 -21.94 -19.802 -7.9939 -11.253 -12.331 -27.686
-25.352 -28.93 -25.115 -9.3931 -13.529 -12.068 -16.802 -29.771 -7.5172 -10.735 -1.0813 -2.5123 -26.564 -17.906 -14.728 -15.008 -22.929 -3.9913 -10.522 -5.9259 -10.094 -4.6771 -6.0887 -16.162 -6.6323 -2.2115 -22.159 -13.935 -18.939 -24.76 -21.254 -7.0363 -7.6377 -14.126 -18.053 -13.019 -23.446 -19.346 -14.051 -10.273 -9.1436 -25.49 -5.3275 -16.628 -11.838 -20.954 -21.602 -28.372 -15.822 -11.056
-17.128 -20.54 -17.079 -3.4987 -18.55 -3.557 -10.674 -23.47 -7.1782 -11.254 -9.0121 -8.4358 -18.136 -16.769 -9.7833 -18.417 -20.024 -6.0964 -4.2933 -2.8531 -10.343 -8.3373 -2.7154 -7.6505 -1.9412 -9.6872 -13.697 -12.575 -11.319 -16.263 -13.6 -1.8239 -12.37 -6.0096 -9.7916 -8.8444 -15.337 -11.687 -11.642 -13.633 -5.5013 -17.002 -10.839 -15.819 -4.4269 -12.714 -17.216 -20.117 -8.5258 -7.9747
-19.497 -29.728 -17.934 -23.185 -27.156 -25.037 -15.905 -7.9089 -33.525 -37.672 -31.952 -28.721 -28.098 -14.786 -16.76 -23.682 -8.8785 -31.319 -22.184 -26.757 -21.36 -33.684 -28.453 -24.072 -27.628 -30.025 -22.348 -38.728 -17.69 -23.47 -31.5 -27.958 -26.48 -22.039 -20.958 -34.283 -18.644 -30.634 -16.935 -24.162 -22.207 -26.411 -27.727 -16.002 -28.651 -28.218 -9.3718 -20.105 -18.806 -34.083
-24.644 -25.413 -24.884 -11.622 -21.122 -11.149 -19.202 -32.002 -1.4532 -3.3068 -6.9645 -9.7368 -23.319 -23.694 -18.052 -22.391 -27.849 -4.212 -12.643 -8.2029 -16.116 -3.0422 -6.3629 -14.617 -7.1784 -9.8133 -20.654 -6.3357 -19.626 -22.842 -16.576 -6.8727 -15.084 -14.205 -17.549 -6.5555 -23.095 -14.859 -18.993 -17.504 -12.853 -22.688 -12.812 -22.536 -8.6742 -17.404 -25.495 -27.492 -17.017 -4.4816
-28.229 -34.385 -27.488 -13.068 -4.2322 -17.563 -17.399 -28.64 -16.657 -20.053 -10.116 -7.2726 -31.91 -12.619 -14.64 -6.1299 -18.502 -12.967 -13.721 -11.937 -7.2299 -13.994 -13.451 -21.189 -13.464 -7.1212 -26.228 -23.215 -21.17 -28.962 -28.238 -14.094 -2.291 -18.121 -21.735 -21.729 -26.148 -26.332 -11.513 -3.1818 -11.155 -30.496 -4.1712 -11.351 -18.981 -27.038 -19.045 -31.151 -18.167 -19.943
-15.519 -25.004 -14.153 -12.322 -18.121 -15.018 -6.2427 -11.516 -22.656 -26.866 -20.824 -17.644 -22.797 -6.334 -5.9458 -15.162 -4.7776 -20.25 -11.427 -15.732 -10.544 -22.597 -17.518 -15.3 -16.723 -18.988 -16.202 -28.261 -10.047 -18.362 -23.666 -17.113 -15.964 -12.444 -12.969 -24.123 -13.717 -22.348 -5.9774 -14.059 -11.123 -21.029 -16.907 -6.9377 -18.608 -20.773 -1.8777 -17.689 -9.4754 -23.62
-14.054 -14.834 -14.568 -8.5901 -24.796 -3.971 -12.496 -23.407 -9.6126 -12.225 -14.466 -14.609 -12.571 -21.346 -13.01 -24.423 -23.317 -10.835 -8.6157 -9.1181 -16.084 -12.398 -8.1719 -4.3484 -7.7962 -15.742 -9.8368 -11.653 -10.67 -11.873 -7.2893 -7.2717 -18.668 -6.1778 -7.7128 -6.8018 -12.799 -5.3791 -16.173 -19.776 -10.903 -11.767 -17.14 -20.629 -2.4786 -6.7686 -19.658 -16.745 -9.3421 -7.597
-23.575 -30.07 -22.81 -8.9464 -7.65 -13.64 -12.714 -24.248 -14.999 -18.928 -9.8547 -6.2939 -27.592 -9.4795 -9.9616 -7.2431 -15.04 -11.418 -9.4146 -8.8606 -2.591 -13.132 -10.737 -16.976 -10.482 -7.1176 -21.722 -21.65 -16.51 -24.45 -24.507 -11.131 -2.9776 -13.763 -17.229 -19.284 -21.491 -22.643 -7.0928 -2.4658 -6.8078 -26.115 -4.2106 -8.1604 -15.632 -22.994 -14.874 -26.482 -13.548 -17.762
-5.5955 -5.1174 -7.1257 -19.658 -35.35 -16.167 -16.24 -17.248 -24.661 -27.004 -28.724 -27.807 -4.4566 -26.737 -18.817 -33.635 -25.121 -25.457 -18.808 -22.373 -25.647 -27.294 -22.302 -12.075 -21.639 -29.2 -6.2128 -25.596 -11.788 -3.4983 -11.767 -21.332 -30.241 -14.471 -10.684 -20.99 -7.2936 -12.482 -22.952 -30.147 -21.29 -3.7731 -29.503 -26.766 -17.434 -9.1793 -20.69 -4.9027 -14.392 -22.357
-24.348 -22.222 -25.018 -15.711 -27.958 -13.019 -22.158 -33.903 -7.0685 -4.8073 -13.988 -16.463 -20.579 -28.885 -21.828 -28.924 -32.194 -10.761 -16.425 -13.36 -21.846 -10.093 -11.331 -14.918 -11.846 -16.74 -19.99 -1.5582 -21.125 -21.527 -12.93 -11.267 -21.774 -16.087 -18.277 -3.8198 -23.277 -11.76 -23.823 -23.973 -17.591 -20.475 -19.573 -27.863 -9.4281 -15.006 -29.125 -26.817 -19.301 -4.2701
-7.8564 -18.053 -6.31 -14.616 -25.797 -14.619 -7.0897 -6.5792 -24.114 -27.915 -24.731 -22.291 -16.197 -14.766 -9.5923 -23.194 -11.891 -22.879 -13.466 -18.412 -16.856 -25.24 -19.574 -12.587 -18.709 -23.778 -10.212 -28.25 -6.2082 -11.535 -19.428 -18.823 -22.352 -11.455 -9.2614 -23.513 -6.6128 -18.687 -12.704 -21.125 -14.774 -14.458 -22.608 -15.215 -17.993 -16.115 -7.6048 -9.4699 -8.5177 -23.754
-22.386 -21.492 -22.914 -12.666 -25.194 -10.242 -19.301 -31.337 -4.474 -4.2564 -11.54 -13.7 -19.605 -25.816 -18.846 -26.011 -29.178 -8.0414 -13.41 -10.308 -18.802 -7.8283 -8.2857 -12.608 -8.7812 -14.118 -18.111 -3.5275 -18.577 -19.923 -12.322 -8.1988 -18.95 -13.375 -15.904 -1.9238 -21.14 -10.811 -20.761 -21.054 -14.523 -19.249 -16.801 -24.794 -6.767 -13.778 -26.191 -25.014 -16.548 -1.2014
-21.621 -25.602 -21.367 -5.6615 -14.362 -8.5465 -13.22 -26.253 -7.1745 -11.242 -4.5419 -3.4076 -23.193 -15.818 -11.339 -14.948 -20.309 -3.7886 -6.8003 -2.2669 -8.1708 -5.9572 -3.2426 -12.614 -3.4122 -4.6266 -18.515 -13.802 -15.194 -21.151 -18.436 -3.9863 -8.0507 -10.406 -14.341 -11.596 -19.703 -16.512 -11.353 -9.9911 -5.7175 -22.031 -6.1366 -14.63 -8.9863 -17.757 -18.499 -24.642 -12.086 -9.9516
-20.519 -29.693 -19.201 -13.788 -14.092 -17.586 -10.211 -15.908 -23.512 -27.745 -20.133 -16.634 -27.4 -1.6042 -8.5777 -10.775 -4.3391 -20.516 -13.231 -16.415 -8.9694 -22.688 -18.41 -18.857 -17.746 -17.742 -20.787 -29.704 -14.537 -23.116 -27.369 -18.267 -13.508 -15.626 -17.092 -26.086 -18.643 -25.86 -5.6412 -11.025 -11.898 -25.654 -15.041 -2.8135 -20.933 -24.746 -6.2869 -22.781 -13.178 -25.2
-13.624 -20.959 -12.844 -4.9869 -17.231 -7.6156 -3.0939 -16.054 -15.307 -19.462 -14.668 -12.108 -18.521 -10.133 -1.6305 -15.506 -12.064 -13.294 -3.966 -8.6982 -7.5628 -15.686 -10.264 -8.895 -9.4257 -13.594 -12.191 -20.725 -6.5605 -14.855 -17.38 -9.7399 -12.664 -5.5629 -7.8468 -16.592 -11.538 -15.806 -5.2175 -12.088 -4.6062 -16.89 -12.582 -9.6265 -11.135 -14.974 -8.9851 -16.515 -3.81 -16.079
-20.28 -30.156 -18.798 -17.272 -18.41 -20.435 -11.833 -12.944 -27.404 -31.648 -24.562 -21.119 -28.044 -6.167 -11.209 -14.932 -0.81461 -24.638 -16.515 -20.323 -13.481 -26.89 -22.245 -20.889 -21.512 -22.284 -21.516 -33.329 -15.497 -23.497 -29.249 -21.974 -18.165 -17.986 -18.516 -29.39 -18.674 -27.939 -9.5811 -15.666 -15.685 -26.269 -19.664 -7.4515 -23.974 -26.322 -5.2237 -22.058 -15.063 -28.729
-24.936 -24.133 -25.409 -14.07 -24.933 -12.337 -21.168 -33.519 -4.2197 -1.6715 -10.788 -13.502 -22.266 -26.833 -20.437 -26.112 -30.593 -7.8511 -14.946 -11.159 -19.474 -6.8497 -9.1444 -15.056 -9.8161 -13.636 -20.696 -2.5099 -20.82 -22.562 -14.924 -9.3323 -18.849 -15.501 -18.291 -4.5697 -23.627 -13.458 -21.929 -21.193 -15.675 -21.917 -16.597 -25.734 -9.0723 -16.446 -27.867 -27.605 -18.592 -3.2959
-19.005 -25.37 -18.329 -4.5409 -12.331 -9.2657 -8.5551 -21.024 -13.054 -17.271 -10.167 -7.0459 -22.893 -9.6786 -6.0121 -11.376 -14.013 -10.035 -4.7905 -6.0056 -2.9587 -12.259 -8.037 -12.339 -7.4688 -8.4578 -17.013 -19.404 -11.968 -19.743 -20.144 -8.0549 -7.1657 -9.0706 -12.518 -16.226 -16.931 -18.328 -5.0549 -7.0949 -2.2403 -21.404 -7.0439 -8.5793 -11.776 -18.427 -12.486 -21.954 -8.9191 -15.053
-32.17 -39.296 -31.219 -18.276 -1.8493 -22.958 -20.947 -30.378 -22.733 -26.07 -16.096 -13.347 -36.822 -13.038 -18.193 -3.843 -18.692 -19.043 -18.718 -17.755 -11.219 -20.013 -19.395 -26.281 -19.331 -13.144 -30.769 -29.276 -25.165 -33.471 -33.8 -19.974 -8.1541 -23.017 -26.309 -27.767 -30.092 -31.922 -14.301 -6.8751 -16.116 -35.299 -10.241 -12.099 -24.744 -32.322 -20.575 -34.944 -22.431 -26.006
-25.555 -29.338 -25.278 -9.5021 -12.871 -12.4 -16.776 -29.696 -8.1742 -11.388 -1.5683 -2.0454 -26.959 -17.494 -14.626 -14.387 -22.602 -4.621 -10.613 -6.1798 -9.7037 -5.3291 -6.5267 -16.488 -7.015 -1.5502 -22.44 -14.598 -19.058 -25.062 -21.764 -7.4561 -7.0161 -14.345 -18.281 -13.649 -23.627 -19.851 -13.768 -9.6855 -9.0892 -25.856 -4.7046 -16.207 -12.324 -21.391 -21.391 -28.577 -15.922 -11.698
-6.3699 -16.56 -4.8415 -16.951 -28.804 -16.27 -9.7862 -6.0527 -25.938 -29.549 -27.144 -24.888 -14.998 -17.745 -12.424 -26.219 -14.512 -25.033 -15.805 -20.688 -19.771 -27.352 -21.671 -13.601 -20.815 -26.382 -9.8308 -29.554 -7.7534 -10.44 -19.376 -20.857 -25.23 -13.174 -10.246 -24.731 -5.9313 -18.925 -15.697 -24.089 -17.362 -13.36 -25.384 -18.225 -19.4 -16.017 -10.404 -7.1396 -10.597 -25.203
-9.3736 -8.5224 -10.42 -13.111 -29.668 -8.6662 -13.344 -20.827 -15.981 -18.16 -20.739 -20.46 -6.1751 -23.775 -15.041 -28.699 -24.193 -17.205 -12.622 -14.87 -20.266 -18.825 -14.324 -5.0746 -13.803 -21.719 -5.0858 -16.83 -9.6 -6.0775 -4.5898 -13.372 -23.874 -8.453 -6.4933 -12.157 -8.9386 -4.2045 -18.983 -24.464 -15.222 -5.366 -22.668 -23.374 -8.897 -1.323 -19.955 -11.486 -10.3 -13.518
-12.817 -19.166 -12.304 -3.7151 -18.603 -5.1694 -4.3463 -17.227 -13.509 -17.555 -13.911 -11.856 -16.698 -12.56 -4.0865 -17.247 -14.481 -11.959 -2.5695 -7.4848 -8.9351 -14.332 -8.7013 -6.5863 -7.8359 -13.347 -10.67 -18.563 -5.9532 -13.398 -14.998 -8.0224 -13.448 -3.1825 -6.1799 -14.28 -10.777 -13.379 -7.5113 -13.371 -4.5706 -15.149 -12.936 -11.979 -8.7433 -12.738 -11.158 -15.814 -2.7881 -13.912
-16.273 -26.501 -14.712 -21.054 -26.956 -22.479 -13.486 -4.923 -31.307 -35.383 -30.296 -27.225 -24.879 -14.47 -14.737 -23.634 -8.8654 -29.339 -19.997 -24.745 -20.179 -31.726 -26.327 -21.217 -25.482 -28.596 -19.194 -36.236 -14.784 -20.258 -28.435 -25.761 -25.534 -19.405 -18.023 -31.688 -15.454 -27.634 -15.622 -23.445 -20.328 -23.198 -26.551 -15.551 -26.058 -25.13 -7.7705 -16.902 -16.184 -31.614
-17.708 -18.428 -18.1 -8.327 -23.088 -5.1857 -14.318 -26.258 -5.8062 -8.5596 -11.285 -12.115 -16.248 -21.664 -14.103 -23.25 -24.525 -7.4959 -8.8489 -7.1821 -15.32 -8.7563 -5.5852 -7.7308 -5.5854 -13.027 -13.584 -8.5966 -13.507 -15.689 -10.082 -4.9417 -16.795 -8.2964 -10.931 -4.1189 -16.312 -8.2079 -16.489 -18.379 -10.472 -15.54 -14.964 -20.758 -1.7108 -10.356 -21.316 -20.473 -11.486 -4.0939
-10.675 -6.9078 -11.937 -15.492 -32.068 -10.913 -15.882 -22.647 -17.249 -18.919 -22.543 -22.542 -4.9445 -26.345 -17.612 -31.188 -26.673 -18.886 -15.069 -16.968 -22.745 -20.307 -16.221 -7.5796 -15.782 -23.741 -6.7922 -17.129 -12.016 -6.8018 -3.1246 -15.297 -26.185 -10.983 -9.0022 -12.758 -10.674 -3.9097 -21.55 -26.885 -17.655 -4.9198 -24.883 -25.945 -10.527 -1.4375 -22.393 -12.275 -12.864 -14.391
-6.1325 -4.1738 -7.7036 -19.11 -35.037 -15.418 -16.203 -18.148 -23.669 -25.901 -27.941 -27.16 -3.1723 -26.816 -18.693 -33.442 -25.484 -24.6 -18.311 -21.671 -25.34 -26.379 -21.501 -11.329 -20.866 -28.529 -5.7821 -24.412 -11.724 -3.0829 -10.483 -20.531 -29.789 -13.93 -10.27 -19.848 -7.5728 -11.254 -22.848 -29.814 -20.837 -2.517 -28.961 -26.78 -16.477 -7.9866 -21.038 -5.9764 -14.134 -21.265
-28.546 -35.149 -27.717 -13.939 -2.7126 -18.561 -17.502 -28.164 -18.311 -21.794 -11.894 -8.9132 -32.671 -11.595 -14.719 -4.3327 -17.507 -14.613 -14.475 -13.224 -7.3623 -15.74 -14.858 -22.023 -14.796 -8.8833 -26.802 -24.907 -21.484 -29.528 -29.354 -15.438 -3.6298 -18.842 -22.311 -23.251 -26.46 -27.465 -11.236 -2.8482 -11.871 -31.201 -5.807 -10.387 -20.23 -27.988 -18.443 -31.415 -18.583 -21.516
-17.284 -27.507 -15.72 -18.726 -23.128 -20.865 -11.703 -8.0068 -29.08 -33.255 -27.379 -24.152 -25.63 -10.642 -12.29 -19.765 -4.9521 -26.79 -17.758 -22.245 -16.834 -29.148 -23.977 -20.299 -23.163 -25.464 -19.441 -34.443 -14.121 -20.972 -28.143 -23.515 -22.036 -17.974 -17.383 -30.103 -16.039 -27.106 -12.375 -19.813 -17.668 -23.88 -23.212 -11.774 -24.492 -24.964 -4.8463 -18.528 -14.766 -29.791
-3.6967 -11.513 -3.7684 -19.565 -33.501 -17.396 -13.865 -11.053 -26.89 -29.938 -29.546 -27.883 -10.562 -23.274 -16.648 -31.242 -20.518 -26.814 -18.507 -22.956 -24.023 -28.952 -23.448 -13.726 -22.657 -29.362 -7.964 -29.207 -10.142 -6.8707 -16.762 -22.524 -29.207 -14.779 -10.95 -24.377 -5.412 -16.911 -20.462 -28.513 -20.606 -9.2797 -28.955 -23.588 -19.752 -13.6 -16.282 -1.5138 -13.294 -25.329
-27.706 -34.974 -26.752 -14.212 -3.3727 -18.943 -16.48 -26.247 -20.017 -23.73 -14.035 -10.757 -32.504 -9.2036 -13.727 -1.9188 -15.077 -16.343 -14.54 -14.242 -6.8938 -17.735 -16.065 -22.072 -15.86 -11.025 -26.372 -26.673 -20.71 -29.063 -29.832 -16.51 -5.4804 -18.751 -21.933 -24.597 -25.629 -27.986 -9.8504 -3.056 -11.97 -30.953 -7.7906 -8.0951 -21.043 -28.176 -16.446 -30.477 -18.013 -22.994
-24.798 -33.279 -23.612 -14.578 -9.0627 -19.078 -13.755 -21.207 -22.855 -26.931 -18.074 -14.516 -30.884 -3.8047 -11.38 -5.5732 -9.3088 -19.424 -14.428 -16.097 -7.6081 -21.285 -18.122 -21.299 -17.649 -15.276 -24.378 -29.414 -18.234 -26.906 -29.663 -18.261 -10.131 -17.894 -20.247 -26.477 -22.807 -27.969 -7.282 -7.2927 -12.315 -29.199 -12.155 -3.2646 -21.952 -27.437 -11.502 -27.293 -16.168 -25.221
-9.9372 -20.175 -8.3723 -15.572 -25.344 -16.127 -7.8096 -5.2438 -25.42 -29.334 -25.499 -22.842 -18.352 -13.751 -9.937 -22.534 -10.21 -23.925 -14.437 -19.378 -16.844 -26.309 -20.698 -14.44 -19.832 -24.307 -12.378 -29.861 -7.9935 -13.691 -21.531 -20.006 -22.391 -12.975 -11.178 -25.189 -8.7777 -20.734 -12.451 -20.911 -15.421 -16.62 -22.866 -14.363 -19.606 -18.235 -6.1967 -11.302 -9.8646 -25.306
-1.3971 -10.598 -1.9023 -14.776 -29.557 -12.371 -10.088 -12.604 -21.867 -24.98 -24.614 -23.11 -8.7079 -20.435 -12.772 -27.617 -18.871 -21.806 -13.767 -18.037 -19.903 -23.928 -18.451 -8.7183 -17.67 -24.573 -3.433 -24.403 -5.7837 -4.0475 -12.954 -17.519 -24.836 -9.8347 -5.948 -19.551 -0.96587 -12.706 -16.842 -24.428 -16.024 -6.9818 -24.388 -20.507 -14.76 -9.6104 -14.426 -4.4197 -8.7575 -20.399
-23.046 -26.207 -22.915 -7.5551 -15.56 -9.5141 -15.28 -28.331 -5.3806 -9.2068 -3.0626 -4.0625 -23.86 -18.057 -13.533 -16.561 -22.605 -1.705 -8.7051 -3.7734 -10.336 -3.6692 -3.3838 -13.595 -4.0372 -4.6436 -19.67 -12.031 -16.904 -22.221 -18.465 -4.3513 -9.3503 -11.836 -15.711 -10.489 -21.204 -16.557 -13.648 -11.64 -7.9412 -22.831 -7.1662 -16.85 -9.0553 -18.204 -20.761 -26.05 -13.875 -8.6271
-1.6054 -9.7569 -2.6577 -17.76 -32.381 -15.232 -12.79 -12.557 -24.599 -27.549 -27.565 -26.093 -8.4561 -22.81 -15.532 -30.33 -20.672 -24.694 -16.75 -20.997 -22.767 -26.778 -21.356 -11.429 -20.589 -27.555 -5.5075 -26.742 -8.6575 -4.4188 -14.289 -20.416 -27.772 -12.793 -8.8788 -21.923 -3.678 -14.404 -19.526 -27.289 -18.992 -7.0146 -27.359 -22.987 -17.41 -11.101 -16.29 -1.4665 -11.704 -22.922
-4.5664 -6.2567 -6.061 -19.268 -34.736 -15.985 -15.463 -16.096 -24.735 -27.232 -28.544 -27.49 -5.408 -25.866 -18.09 -32.933 -24.105 -25.364 -18.375 -22.12 -25.039 -27.267 -22.153 -11.917 -21.462 -28.903 -5.8616 -25.965 -11.052 -3.3107 -12.403 -21.186 -29.744 -14.097 -10.23 -21.29 -6.3817 -12.971 -22.203 -29.553 -20.811 -4.4421 -29.084 -25.934 -17.482 -9.6232 -19.684 -3.7684 -13.781 -22.574
-8.7741 -18.676 -7.3534 -19.33 -30.097 -18.959 -11.848 -3.6367 -28.589 -32.263 -29.474 -27.05 -17.319 -18.45 -14.3 -27.293 -14.413 -27.534 -18.179 -23.111 -21.45 -29.878 -24.198 -16.399 -23.337 -28.536 -12.54 -32.336 -10.419 -12.894 -22.098 -23.414 -26.979 -15.832 -13.037 -27.521 -8.6482 -21.7 -17.143 -25.606 -19.534 -15.758 -27.319 -19.105 -22.154 -18.741 -10.796 -8.8037 -13.099 -27.956
-21.707 -30.568 -20.455 -13.399 -12.173 -17.516 -10.963 -17.753 -22.706 -26.908 -18.867 -15.322 -28.223 -0.33647 -8.9318 -8.8658 -6.1983 -19.549 -12.99 -15.665 -7.7169 -21.637 -17.691 -19.188 -17.087 -16.343 -21.64 -29.052 -15.408 -24.07 -27.679 -17.645 -11.844 -15.856 -17.725 -25.658 -19.767 -26.089 -5.2996 -9.2602 -11.333 -26.5 -13.508 -1.16 -20.708 -25.213 -8.0335 -24.096 -13.701 -24.636
-8.7716 -17.855 -7.6359 -10.141 -22.394 -10.463 -2.8484 -10.839 -19.762 -23.655 -20.272 -17.914 -15.634 -12.695 -5.6 -20.156 -11.718 -18.416 -8.9912 -13.937 -13.018 -20.783 -15.128 -9.1808 -14.262 -19.407 -9.0415 -24.218 -3.0212 -11.234 -17.037 -14.398 -18.375 -7.3263 -6.2337 -19.592 -6.7961 -15.947 -9.3562 -17.459 -10.386 -13.866 -18.424 -12.782 -13.981 -13.944 -7.3669 -11.356 -4.1846 -19.643
-12.484 -13.548 -13.032 -8.8749 -25.354 -4.143 -11.715 -22.096 -11.147 -13.81 -15.699 -15.573 -11.222 -21.091 -12.545 -24.762 -22.674 -12.161 -8.6924 -10.001 -16.342 -13.835 -9.3038 -3.0075 -8.8254 -16.779 -8.2519 -13.162 -9.4499 -10.305 -6.7525 -8.3626 -19.34 -5.5156 -6.356 -8.3042 -11.272 -4.9587 -15.982 -20.245 -11.151 -10.317 -17.95 -20.459 -3.9192 -5.5822 -18.854 -15.161 -8.4933 -9.1774
-13.223 -22.298 -11.992 -9.8868 -18.645 -12.115 -3.1901 -11.866 -20.223 -24.378 -19.134 -16.219 -20.028 -8.1995 -3.4986 -16.093 -7.8303 -18.108 -8.8836 -13.518 -9.9149 -20.491 -15.161 -12.247 -14.331 -17.648 -13.412 -25.568 -7.1778 -15.71 -20.622 -14.656 -15.463 -9.4344 -9.9682 -21.301 -11.288 -19.295 -5.576 -14.033 -9.0982 -18.272 -16.002 -8.3662 -15.731 -17.76 -4.1312 -15.665 -6.4245 -20.916
-15.157 -17.037 -15.446 -6.4991 -22.446 -2.4557 -11.614 -23.423 -8.0475 -11.276 -12.21 -12.213 -14.708 -19.622 -11.645 -22.179 -22.072 -8.6931 -6.7283 -6.7133 -13.92 -10.462 -5.8317 -5.1277 -5.4078 -13.365 -11.198 -11.423 -10.676 -13.504 -9.6881 -4.9063 -16.287 -5.4819 -8.1816 -6.8154 -13.654 -7.7724 -14.421 -17.471 -8.7965 -13.761 -14.737 -18.817 -1.1815 -9.0369 -18.69 -18.005 -8.694 -6.9185
-22.365 -30.841 -21.195 -12.57 -10.432 -16.932 -11.305 -19.284 -21.423 -25.585 -17.242 -13.678 -28.45 -2.1463 -8.9539 -7.2676 -8.0566 -18.148 -12.309 -14.475 -6.2095 -20.161 -16.511 -18.973 -15.964 -14.635 -21.934 -27.874 -15.784 -24.457 -27.387 -16.55 -9.9963 -15.581 -17.827 -24.686 -20.367 -25.726 -4.9056 -7.3827 -10.379 -26.76 -11.724 -1.0051 -19.947 -25.089 -9.4853 -24.886 -13.752 -23.549
-15.729 -25.505 -14.285 -13.935 -19.304 -16.453 -7.4633 -10.347 -24.282 -28.482 -22.489 -19.294 -23.376 -7.1069 -7.5219 -16.203 -3.8816 -21.91 -13.014 -17.383 -12.114 -24.261 -19.152 -16.467 -18.351 -20.628 -16.843 -29.817 -10.854 -18.845 -24.716 -18.729 -17.473 -13.764 -13.931 -25.616 -14.056 -23.475 -7.5751 -15.459 -12.784 -21.601 -18.492 -7.9329 -20.064 -21.728 -0.64717 -17.677 -10.687 -25.169
-26.097 -25.049 -26.59 -15.226 -25.595 -13.556 -22.374 -34.737 -5.1768 -1.4446 -11.351 -14.247 -23.237 -27.888 -21.611 -26.902 -31.73 -8.6834 -16.119 -12.225 -20.457 -7.409 -10.229 -16.246 -10.929 -14.274 -21.839 -2.1713 -22.037 -23.661 -15.796 -10.466 -19.593 -16.72 -19.493 -5.5684 -24.81 -14.401 -23.025 -22.01 -16.782 -22.941 -17.316 -26.773 -10.279 -17.458 -29.048 -28.745 -19.809 -4.4862
-7.3246 -8.7999 -8.2717 -12.541 -28.913 -8.5337 -11.625 -18.605 -16.891 -19.456 -21.015 -20.356 -6.3228 -22.236 -13.566 -27.699 -22.298 -17.671 -11.884 -14.815 -19.34 -19.486 -14.572 -4.4898 -13.949 -21.692 -2.9532 -18.438 -7.6185 -4.5639 -6.8049 -13.602 -23.34 -7.5135 -4.737 -13.652 -6.7396 -6.3452 -17.625 -23.678 -14.482 -4.9702 -22.326 -21.926 -9.6427 -3.4732 -17.994 -9.672 -8.7629 -14.798
-16.65 -17.624 -17.034 -7.824 -23.115 -4.2657 -13.429 -25.237 -6.7594 -9.6255 -11.84 -12.38 -15.399 -21.117 -13.35 -23.111 -23.783 -8.1142 -8.2308 -7.1821 -15.031 -9.5593 -5.8158 -6.6648 -5.6551 -13.384 -12.545 -9.5957 -12.475 -14.688 -9.5469 -5.0421 -16.858 -7.3199 -9.8678 -4.984 -15.246 -7.6383 -15.923 -18.293 -10.049 -14.628 -15.125 -20.255 -0.66581 -9.5427 -20.478 -19.426 -10.531 -5.1467
-7.4425 -4.59 -8.9097 -21.658 -37.405 -18.058 -18.278 -18.531 -26.312 -28.474 -30.593 -29.764 -4.9921 -28.735 -20.867 -35.69 -26.972 -27.262 -20.825 -24.297 -27.701 -29.039 -24.155 -13.965 -23.514 -31.144 -8.2312 -26.881 -13.834 -5.4994 -12.715 -23.185 -32.273 -16.47 -12.717 -22.385 -9.2578 -13.67 -24.999 -32.2 -23.32 -5.0182 -31.507 -28.785 -19.132 -10.493 -22.558 -6.1161 -16.448 -23.852
-23.253 -22.262 -23.78 -13.303 -25.367 -11.043 -20.063 -32.166 -4.5003 -3.5148 -11.517 -13.867 -20.403 -26.369 -19.542 -26.298 -29.838 -8.1705 -14.083 -10.779 -19.249 -7.6986 -8.7443 -13.47 -9.2963 -14.196 -18.977 -2.7742 -19.413 -20.778 -13.056 -8.7384 -19.164 -14.187 -16.76 -2.7062 -22.006 -11.588 -21.349 -21.346 -15.097 -20.074 -16.977 -25.325 -7.6033 -14.596 -26.913 -25.879 -17.346 -1.8817
-10.356 -6.6042 -11.636 -15.598 -32.171 -11.054 -15.801 -22.371 -17.548 -19.261 -22.78 -22.73 -4.5928 -26.305 -17.58 -31.251 -26.55 -19.139 -15.15 -17.149 -22.813 -20.586 -16.439 -7.6283 -15.985 -23.941 -6.5336 -17.493 -11.877 -6.4539 -3.495 -15.51 -26.318 -11.018 -8.9097 -13.105 -10.401 -4.2732 -21.543 -26.979 -17.743 -4.5416 -25.041 -25.923 -10.776 -1.5829 -22.253 -11.918 -12.815 -14.722
-24.826 -29.721 -24.357 -8.7272 -10.106 -12.618 -15.086 -27.673 -10.813 -14.397 -4.8307 -1.4253 -27.278 -14.417 -12.65 -11.251 -19.725 -7.1149 -9.682 -6.4895 -6.7451 -8.3964 -7.7199 -16.555 -7.8657 -2.0749 -22.159 -17.425 -17.995 -24.863 -22.869 -8.4605 -3.9235 -13.897 -17.78 -15.851 -22.811 -20.947 -11.098 -6.4543 -7.5537 -26.013 -1.7165 -13.112 -13.449 -22.024 -18.899 -27.839 -14.833 -14.056
-11.431 -21.471 -9.9284 -14.008 -22.908 -15.211 -6.2875 -7.1677 -24.137 -28.169 -23.674 -20.862 -19.478 -11.312 -7.9752 -20.077 -8.168 -22.364 -12.91 -17.774 -14.567 -24.757 -19.243 -14.137 -18.386 -22.306 -13.154 -28.968 -7.8241 -14.849 -21.815 -18.625 -20.114 -12.147 -11.099 -24.427 -9.9394 -20.822 -10.102 -18.54 -13.579 -17.711 -20.699 -11.906 -18.795 -18.623 -3.8912 -13.197 -8.9205 -24.349
-3.8373 -6.9175 -5.3225 -18.812 -34.154 -15.654 -14.816 -15.405 -24.546 -27.138 -28.199 -27.067 -5.8986 -25.177 -17.464 -32.312 -23.372 -25.072 -17.897 -21.738 -24.465 -27.012 -21.831 -11.614 -21.125 -28.49 -5.4922 -25.965 -10.43 -3.1318 -12.617 -20.867 -29.223 -13.66 -9.7603 -21.251 -5.6919 -13.079 -21.564 -28.984 -20.305 -4.7596 -28.605 -25.259 -17.288 -9.7184 -18.954 -3.1657 -13.217 -22.478
-9.8756 -5.0021 -11.274 -16.895 -33.441 -12.444 -16.508 -22.112 -19.151 -20.842 -24.329 -24.198 -3.0496 -27.134 -18.456 -32.408 -27.057 -20.708 -16.383 -18.609 -23.993 -22.179 -17.963 -8.8193 -17.486 -25.431 -6.5437 -19.009 -12.378 -5.7938 -4.7471 -17.026 -27.663 -12.142 -9.6326 -14.677 -10.24 -5.8065 -22.494 -28.229 -18.987 -3.3607 -26.448 -26.817 -12.345 -3.1072 -22.697 -11.074 -13.656 -16.316
-12.323 -22.11 -10.894 -12.714 -21.191 -14.348 -5.209 -8.8389 -22.965 -27.06 -22.174 -19.284 -20.007 -9.747 -6.4808 -18.393 -7.2735 -21.025 -11.651 -16.428 -12.859 -23.415 -17.983 -13.722 -17.137 -20.714 -13.516 -28.033 -7.7111 -15.451 -21.725 -17.416 -18.403 -11.396 -10.914 -23.596 -10.643 -20.601 -8.3767 -16.81 -12.107 -18.232 -19.03 -10.268 -17.968 -18.634 -2.8251 -14.346 -8.1769 -23.39
-16.987 -23.928 -16.223 -4.5202 -13.947 -8.8122 -6.258 -18.696 -14.355 -18.599 -12.288 -9.3206 -21.463 -8.8177 -3.6676 -12.475 -12.369 -11.687 -4.1767 -7.2769 -4.2441 -14.01 -9.2 -11.239 -8.4871 -10.759 -15.328 -20.409 -9.9217 -18.032 -19.446 -8.9813 -9.3014 -7.8397 -10.875 -16.807 -14.902 -17.72 -3.6739 -8.7578 -2.6361 -19.897 -9.3656 -7.9389 -11.846 -17.407 -10.383 -19.891 -7.0167 -15.889
-17.678 -25.619 -16.673 -7.665 -13.335 -11.694 -6.4215 -17.189 -17.471 -21.714 -14.804 -11.53 -23.199 -5.7246 -3.7578 -11.125 -9.347 -14.65 -7.1799 -10.371 -4.5004 -16.916 -12.333 -13.572 -11.642 -12.849 -16.77 -23.582 -10.79 -19.372 -21.999 -12.149 -10.037 -10.183 -12.533 -19.965 -15.615 -20.358 -0.52475 -8.568 -5.7834 -21.541 -10.79 -4.9973 -14.903 -19.69 -8.0231 -20.4 -8.4553 -19.066
-17.683 -23.116 -17.227 -1.8014 -14.783 -6.478 -8.4691 -21.48 -10.631 -14.875 -9.2495 -6.9306 -20.642 -12.339 -6.5821 -14.185 -16.088 -8.0785 -2.5587 -3.5693 -5.8818 -10.444 -5.4768 -9.9188 -4.78 -8.4243 -15.144 -16.739 -10.886 -17.87 -17.36 -5.3028 -9.015 -6.9119 -10.703 -13.34 -15.668 -15.513 -7.3359 -9.6303 -1.0881 -19.251 -8.152 -11.332 -8.8116 -15.85 -13.873 -20.695 -7.7213 -12.277
-9.2555 -1.1664 -10.826 -20.225 -36.568 -16.062 -18.441 -21.406 -23.329 -25.066 -28.282 -27.911 -1.3842 -29.156 -20.743 -35.238 -28.255 -24.737 -19.566 -22.331 -26.949 -26.296 -21.862 -12.132 -21.324 -29.203 -7.7633 -23.177 -14.008 -5.5378 -8.7727 -20.907 -31.026 -15.182 -11.953 -18.899 -10.439 -10.016 -24.888 -31.33 -22.16 -2.9147 -29.981 -29.009 -16.398 -7.2183 -23.809 -9.237 -16.007 -20.54
-17.757 -27.608 -16.286 -15.492 -18.927 -18.318 -9.4809 -11.223 -25.776 -30.004 -23.497 -20.171 -25.495 -6.4457 -9.1975 -15.628 -1.783 -23.217 -14.644 -18.771 -12.707 -25.53 -20.618 -18.524 -19.846 -21.434 -18.974 -31.494 -12.988 -20.948 -26.818 -20.264 -17.81 -15.731 -16.049 -27.404 -16.131 -25.552 -8.3823 -15.552 -14.124 -23.72 -19.06 -7.5298 -21.904 -23.85 -2.6743 -19.597 -12.717 -26.862
-15.157 -20.231 -14.844 -1.0992 -17.63 -3.8145 -7.3203 -20.267 -10.562 -14.681 -11.043 -9.3572 -17.759 -13.84 -6.3662 -16.855 -16.692 -8.9227 -0.94542 -4.5062 -8.4259 -11.292 -5.6654 -7.0337 -4.8013 -10.812 -12.364 -15.952 -8.6661 -15.076 -14.667 -5.0221 -11.899 -4.1009 -7.9902 -11.969 -13.202 -12.864 -8.6407 -12.442 -3.2416 -16.38 -10.946 -13.014 -6.7847 -13.006 -13.784 -18.181 -5.5978 -11.318
-24.174 -30.168 -23.502 -8.8551 -7.9145 -13.397 -13.605 -25.541 -13.728 -17.546 -8.2453 -4.7171 -27.693 -11.16 -10.923 -8.2336 -16.673 -10.081 -9.508 -8.061 -3.9014 -11.654 -9.7921 -16.976 -9.6565 -5.4475 -22.044 -20.39 -17.142 -24.778 -24.153 -10.304 -2.0049 -13.908 -17.555 -18.295 -22.102 -22.26 -8.4781 -3.2801 -6.9554 -26.281 -2.5501 -9.842 -15.033 -22.856 -16.322 -27.127 -14.079 -16.672
-18.171 -27.344 -16.867 -12.279 -15.385 -15.736 -7.9232 -14.253 -22.34 -26.584 -19.618 -16.24 -25.06 -3.4005 -6.5473 -12.31 -4.4258 -19.572 -11.588 -15.254 -8.718 -21.836 -17.185 -16.722 -16.462 -17.475 -18.446 -28.325 -12.198 -20.759 -25.221 -16.936 -13.834 -13.573 -14.819 -24.496 -16.286 -23.761 -4.5342 -11.658 -10.621 -23.31 -15.063 -4.0438 -19.189 -22.524 -4.4457 -20.468 -10.972 -23.75
-18.16 -24.141 -17.58 -3.0989 -13.598 -7.8334 -8.2132 -21.028 -11.938 -16.178 -9.7778 -7.0005 -21.663 -10.883 -5.9529 -12.794 -14.868 -9.1386 -3.4669 -4.8367 -4.409 -11.447 -6.8314 -11.028 -6.196 -8.4801 -15.928 -18.167 -11.198 -18.662 -18.72 -6.7524 -8.1176 -7.838 -11.439 -14.853 -16.106 -16.895 -5.9891 -8.3856 -0.8604 -20.211 -7.6167 -9.8459 -10.323 -17.07 -12.947 -21.143 -8.0688 -13.748
-9.9047 -20.129 -8.3497 -17.754 -27.59 -17.991 -10.041 -3.1939 -27.437 -31.275 -27.757 -25.147 -18.522 -15.798 -12.256 -24.714 -11.732 -26.081 -16.611 -21.562 -19.177 -28.456 -22.814 -15.939 -21.948 -26.617 -13.041 -31.636 -9.5911 -13.921 -22.476 -22.091 -24.725 -14.827 -12.592 -26.897 -9.2051 -21.853 -14.766 -23.218 -17.699 -16.856 -25.203 -16.491 -21.378 -19.129 -8.1211 -10.641 -11.832 -27.137
-3.6166 -13.295 -2.5894 -17.889 -31.206 -16.249 -11.648 -9.0159 -25.904 -29.199 -28.016 -26.131 -11.964 -20.746 -14.423 -28.849 -17.931 -25.503 -16.789 -21.436 -21.837 -27.723 -22.116 -12.915 -21.293 -27.622 -7.86 -28.774 -8.3358 -7.6651 -17.267 -21.226 -27.127 -13.399 -9.8091 -23.917 -4.345 -17.125 -18.113 -26.289 -18.723 -10.45 -27.008 -21.097 -18.949 -13.96 -13.695 -3.5957 -11.49 -24.671
-25.123 -32.13 -24.24 -11.283 -5.6931 -16.014 -13.987 -24.591 -17.504 -21.368 -12.002 -8.5237 -29.657 -8.4556 -11.205 -4.6892 -14.314 -13.885 -11.625 -11.432 -4.0447 -15.482 -13.311 -19.171 -13.054 -9.0933 -23.6 -24.164 -18.08 -26.307 -26.903 -13.702 -3.8185 -15.87 -19.136 -21.859 -23.038 -25.058 -7.6273 -1.0493 -9.047 -28.126 -5.8949 -7.1696 -18.152 -25.261 -14.914 -27.953 -15.28 -20.326
-13.176 -23.409 -11.616 -19.163 -26.965 -20.093 -11.411 -2.8006 -29.228 -33.213 -28.811 -25.935 -21.784 -14.679 -13.106 -23.841 -9.7536 -27.524 -18.058 -22.936 -19.327 -29.916 -24.383 -18.506 -23.523 -27.361 -16.157 -33.852 -12.059 -17.166 -25.477 -23.744 -24.829 -16.96 -15.237 -29.212 -12.383 -24.743 -14.762 -23.002 -18.725 -20.105 -25.597 -15.581 -23.611 -22.153 -7.1619 -13.871 -13.795 -29.272
-3.4609 -13.108 -2.4566 -13.463 -27.477 -11.836 -7.8536 -10.91 -21.523 -24.933 -23.557 -21.747 -11.124 -17.967 -10.61 -25.388 -16.32 -21.036 -12.379 -16.972 -17.909 -23.266 -17.648 -8.749 -16.824 -23.232 -5.0896 -24.724 -3.9557 -6.4819 -14.502 -16.763 -23.03 -8.9346 -5.4786 -19.878 -1.5915 -13.956 -14.582 -22.42 -14.42 -9.3653 -22.764 -18.09 -14.699 -11.151 -11.874 -6.1546 -7.1179 -20.478
-21.313 -20.225 -21.889 -12.436 -25.7 -9.592 -18.733 -30.536 -5.3293 -5.5253 -12.336 -14.251 -18.35 -25.71 -18.451 -26.352 -28.845 -8.6957 -13.092 -10.425 -18.907 -8.7658 -8.4537 -11.651 -8.8393 -14.781 -17.008 -4.3275 -17.757 -18.756 -11.05 -8.2204 -19.416 -12.668 -14.984 -0.65396 -20.125 -9.5454 -20.595 -21.4 -14.414 -18.019 -17.327 -24.731 -6.0096 -12.54 -25.716 -23.898 -15.878 -1.6311
-16.594 -18.907 -16.758 -5.5061 -20.826 -3.0048 -11.77 -24.117 -6.7018 -10.343 -10.343 -10.374 -16.567 -18.84 -11.352 -20.74 -21.75 -6.8875 -6.0302 -4.9513 -12.642 -8.7777 -3.9531 -6.6527 -3.5581 -11.501 -12.798 -11.061 -11.536 -15.199 -11.473 -3.0335 -14.607 -6.1302 -9.4074 -6.8851 -14.974 -9.5501 -13.662 -15.946 -7.6871 -15.584 -12.971 -17.944 -2.1168 -10.915 -18.65 -19.505 -9.151 -6.4126
-12.351 -10.866 -13.271 -12.294 -28.77 -7.5649 -14.348 -23.314 -13.288 -15.16 -18.627 -18.805 -8.7633 -24.22 -15.549 -28.175 -25.367 -14.937 -12.073 -13.283 -19.747 -16.331 -12.376 -5.3037 -11.998 -19.948 -7.9788 -13.701 -11.286 -9.2174 -3.3569 -11.478 -22.729 -8.525 -8.0099 -9.0802 -11.67 -1.7587 -19.184 -23.667 -14.561 -8.3 -21.283 -23.657 -6.5997 -2.8553 -21.334 -14.594 -11.127 -10.557
-23.174 -24.39 -23.367 -9.9708 -20.274 -9.5814 -17.541 -30.352 -0.61576 -4.7358 -6.4851 -8.7828 -22.228 -22.208 -16.404 -21.325 -26.258 -3.083 -10.985 -6.6202 -14.722 -2.9849 -4.7287 -13.168 -5.5307 -9.0866 -19.258 -7.2686 -18.018 -21.518 -15.773 -5.2124 -14.109 -12.601 -16.017 -6.3008 -21.582 -13.983 -17.438 -16.395 -11.258 -21.508 -11.893 -21.072 -7.3447 -16.329 -23.851 -26.054 -15.375 -4.2408
-10.406 -18.564 -9.5087 -7.6544 -20.42 -8.4895 -1.0695 -13.208 -17.472 -21.452 -17.761 -15.414 -16.209 -11.776 -3.5787 -18.425 -12.02 -15.97 -6.507 -11.459 -10.858 -18.347 -12.72 -8.0778 -11.855 -16.908 -9.639 -22.228 -3.4896 -12.146 -16.424 -12.029 -16.079 -5.5144 -5.8297 -17.731 -8.3293 -15.11 -7.678 -15.362 -7.8878 -14.491 -16.012 -11.616 -12.099 -13.584 -8.0515 -13.216 -2.3171 -17.604
-22.52 -30.774 -21.397 -12.003 -9.6908 -16.465 -11.353 -19.943 -20.619 -24.759 -16.308 -12.74 -28.364 -3.0807 -8.8678 -6.687 -8.9671 -17.298 -11.819 -13.725 -5.3541 -19.279 -15.76 -18.684 -15.241 -13.677 -21.897 -27.108 -15.815 -24.463 -27.038 -15.838 -9.0194 -15.276 -17.705 -24.015 -20.497 -25.344 -4.7238 -6.4246 -9.7657 -26.694 -10.75 -1.8191 -19.384 -24.828 -10.135 -25.106 -13.625 -22.828
-26.283 -25.07 -26.797 -15.599 -26.019 -13.849 -22.707 -35.026 -5.5936 -1.8281 -11.769 -14.674 -23.288 -28.295 -21.974 -27.33 -32.113 -9.1105 -16.482 -12.629 -20.875 -7.8294 -10.627 -16.468 -11.319 -14.697 -22.009 -1.8725 -22.31 -23.794 -15.8 -10.848 -20.02 -17.011 -19.733 -5.6686 -25.02 -14.443 -23.422 -22.438 -17.175 -23.025 -17.742 -27.183 -10.53 -17.537 -29.406 -28.91 -20.116 -4.7273
-5.4012 -13.071 -5.0907 -10.782 -25.673 -8.8327 -6.5757 -13.385 -18.513 -21.93 -20.738 -19.115 -10.78 -17.258 -9.0709 -23.884 -16.634 -18.1 -9.7541 -14.147 -15.985 -20.303 -14.716 -5.8269 -13.905 -20.586 -4.1641 -21.793 -2.1032 -6.5819 -12.501 -13.815 -20.83 -6.0023 -2.4887 -16.962 -3.4106 -11.667 -13.218 -20.506 -11.997 -9.0274 -20.36 -17.164 -11.707 -9.2618 -12.26 -8.4151 -4.7583 -17.497
-20.265 -26.842 -19.525 -6.0314 -10.866 -10.764 -9.5288 -21.583 -13.955 -18.122 -10.318 -6.938 -24.365 -8.8894 -6.8382 -9.8685 -13.687 -10.723 -6.3004 -7.0671 -1.5005 -12.825 -9.0973 -13.842 -8.6149 -8.2261 -18.42 -20.433 -13.204 -21.145 -21.647 -9.2296 -6.0005 -10.555 -13.931 -17.459 -18.183 -19.827 -4.8666 -5.628 -3.7456 -22.861 -6.2814 -7.6957 -13.185 -19.936 -12.647 -23.184 -10.227 -16.188
-21.53 -28.232 -20.747 -7.3952 -9.4856 -12.131 -10.637 -22.31 -14.764 -18.862 -10.503 -6.9803 -25.757 -8.4832 -7.8869 -8.4953 -13.68 -11.377 -7.6971 -8.0866 -0.70152 -13.346 -10.086 -15.242 -9.6788 -8.1057 -19.779 -21.328 -14.464 -22.499 -23.02 -10.311 -4.9691 -11.951 -15.295 -18.552 -19.444 -21.191 -5.2429 -4.254 -5.1293 -24.245 -5.6961 -7.2126 -14.454 -21.333 -13.095 -24.425 -11.539 -17.195
-4.7425 -14.825 -3.291 -14.019 -27.079 -12.996 -7.4982 -9.0433 -22.685 -26.246 -24.21 -22.156 -12.936 -16.935 -10.275 -24.785 -14.798 -21.923 -12.891 -17.679 -17.688 -24.211 -18.543 -10.276 -17.697 -23.651 -7.0271 -26.225 -4.5609 -8.2749 -16.417 -17.7 -22.989 -9.9388 -6.9175 -21.403 -3.3491 -15.821 -14.011 -22.143 -14.686 -11.195 -22.918 -17.183 -16.078 -13.071 -10.383 -6.8593 -7.5928 -21.88
-14.345 -14.051 -15.008 -10.105 -26.237 -5.4886 -13.806 -24.282 -10.121 -12.255 -15.497 -15.873 -11.9 -22.842 -14.449 -25.918 -24.701 -11.773 -10.136 -10.461 -17.595 -13.136 -9.3545 -5.2103 -9.0628 -16.949 -10.009 -11.236 -11.656 -11.77 -5.9625 -8.5003 -20.073 -7.5212 -8.5421 -6.4123 -13.277 -4.0394 -17.676 -21.246 -12.418 -11.29 -18.487 -22.137 -3.514 -5.9911 -20.963 -16.888 -10.609 -7.5994
-9.0449 -2.4017 -10.59 -21.888 -37.995 -17.955 -19.294 -20.634 -25.63 -27.494 -30.348 -29.787 -3.6447 -29.917 -21.762 -36.472 -28.523 -26.878 -21.145 -24.24 -28.313 -28.521 -23.905 -13.919 -23.324 -31.119 -8.777 -25.666 -14.815 -6.1457 -11.281 -22.941 -32.637 -16.745 -13.221 -21.339 -10.626 -12.477 -25.919 -32.763 -23.704 -4.4703 -31.718 -29.876 -18.593 -9.5452 -24.081 -8.2105 -17.157 -22.938
-17.591 -17.325 -18.136 -9.9316 -24.908 -6.2437 -15.379 -26.85 -6.8642 -8.8139 -12.901 -13.898 -15.258 -23.233 -15.422 -25.052 -25.854 -9.0823 -10.347 -8.9989 -17.067 -10.085 -7.3931 -7.8921 -7.4051 -14.771 -13.32 -8.0872 -14.074 -15.194 -8.616 -6.7617 -18.614 -9.1526 -11.236 -3.2501 -16.368 -6.8178 -18.039 -20.19 -12.138 -14.72 -16.772 -22.367 -2.6577 -9.347 -22.477 -20.227 -12.386 -4.155
-16.466 -21.192 -16.184 -0.89943 -16.928 -4.3016 -8.5476 -21.551 -9.4779 -13.66 -9.6816 -8.0976 -18.731 -14.184 -7.315 -16.412 -17.444 -7.6164 -1.897 -3.1468 -8.0996 -9.9981 -4.4411 -7.9769 -3.5931 -9.5322 -13.549 -15.159 -10.028 -16.241 -15.155 -3.9121 -11.007 -5.3124 -9.242 -11.436 -14.529 -13.298 -9.0387 -11.817 -3.0056 -17.412 -9.8765 -13.261 -6.6364 -13.751 -14.768 -19.49 -6.9597 -10.577
-3.9452 -14.212 -2.3718 -15.556 -28.676 -14.284 -9.1177 -8.6848 -23.982 -27.445 -25.73 -23.734 -12.516 -18.357 -11.891 -26.343 -15.886 -23.358 -14.437 -19.176 -19.307 -25.622 -19.971 -11.29 -19.133 -25.228 -7.1966 -27.267 -6.0256 -7.8995 -16.747 -19.109 -24.612 -11.3 -8.0007 -22.421 -3.2966 -16.33 -15.59 -23.756 -16.282 -10.837 -24.531 -18.658 -17.222 -13.388 -11.539 -5.51 -9.1287 -23.008
-23.184 -26.998 -22.935 -7.2151 -13.858 -10.013 -14.695 -27.702 -7.1228 -10.917 -3.0235 -2.4075 -24.606 -16.586 -12.713 -14.818 -21.334 -3.4454 -8.3477 -3.7835 -8.7978 -5.173 -4.2922 -14.098 -4.6838 -3.3023 -20.043 -13.775 -16.757 -22.665 -19.603 -5.1739 -7.6203 -11.964 -15.896 -12.108 -21.27 -17.682 -12.386 -9.8986 -7.0933 -23.482 -5.4709 -15.351 -10.134 -19.09 -19.746 -26.205 -13.643 -10.301
